1 0 0
2 2 1
3 1 1
4 2 2
5 3 2
5 5 3
6 3 3
6 4 2
7 4 3
7 5 2
7 7 4
8 4 4
8 6 2
9 5 4
9 6 5
9 7 2
9 9 6
10 5 5
10 6 4
10 8 2
11 6 6
11 7 5
11 9 2
12 7 6
12 8 5
12 9 7
12 10 2
12 12 8
13 7 7
13 8 6
13 9 5
13 11 2
14 8 7
14 9 8
14 10 5
14 11 9
14 12 2
14 14 10
15 8 8
15 10 7
15 11 5
15 13 2
16 9 9
16 10 8
16 11 7
16 12 5
16 14 2
17 10 9
17 11 8
17 12 7
17 13 5
17 14 11
17 15 2
17 17 12
18 10 10
18 12 9
18 13 7
18 14 5
18 16 2
19 11 10
19 12 11
19 13 9
19 14 7
19 15 5
19 16 12
19 17 2
19 19 13
20 11 11
20 12 10
20 14 9
20 15 7
20 16 5
20 18 2
21 12 12
21 13 10
21 15 9
21 16 7
21 17 5
21 18 11
21 19 2
22 13 11
22 14 12
22 15 13
22 16 9
22 17 7
22 18 5
22 19 14
22 20 2
22 22 15
23 13 12
23 14 13
23 15 11
23 16 14
23 17 9
23 18 7
23 19 5
23 20 15
23 21 2
23 23 16
24 13 13
24 15 12
24 16 11
24 18 9
24 19 7
24 20 5
24 22 2
25 14 14
25 16 13
25 17 11
25 19 9
25 20 7
25 21 5
25 23 2
26 15 14
26 16 15
26 17 13
26 18 16
26 19 11
26 20 9
26 21 7
26 22 5
26 23 17
26 24 2
26 26 18
27 15 15
27 17 14
27 18 13
27 20 11
27 21 9
27 22 7
27 23 5
27 25 2
28 16 16
28 17 15
28 18 14
28 21 11
28 22 9
28 23 7
28 24 5
28 26 2
29 17 16
29 18 15
29 19 17
29 20 14
29 21 18
29 22 11
29 23 9
29 24 7
29 25 5
29 26 19
29 27 2
29 29 20
30 17 17
30 19 15
30 20 16
30 21 14
30 23 11
30 24 9
30 25 7
30 26 5
30 28 2
31 18 17
31 19 16
31 20 18
31 21 15
31 22 14
31 23 19
31 24 11
31 25 9
31 26 7
31 27 5
31 28 20
31 29 2
31 31 21
32 18 18
32 20 17
32 21 16
32 23 14
32 25 11
32 26 9
32 27 7
32 28 5
32 30 2
33 19 18
33 20 19
33 21 17
33 22 16
33 23 20
33 24 14
33 25 21
33 26 11
33 27 9
33 28 7
33 29 5
33 30 22
33 31 2
33 33 23
34 19 19
34 22 17
34 23 18
34 25 14
34 27 11
34 28 9
34 29 7
34 30 5
34 32 2
35 20 20
35 21 19
35 22 18
35 24 17
35 26 14
35 28 11
35 29 9
35 30 7
35 31 5
35 33 2
36 21 20
36 22 19
36 23 21
36 24 18
36 25 17
36 26 22
36 27 14
36 28 23
36 29 11
36 30 9
36 31 7
36 32 5
36 33 24
36 34 2
36 36 25
37 21 21
37 22 20
37 24 19
37 25 18
37 26 17
37 28 14
37 30 11
37 31 9
37 32 7
37 33 5
37 35 2
38 22 21
38 23 22
38 24 20
38 25 19
38 26 23
38 27 17
38 28 24
38 29 14
38 30 25
38 31 11
38 32 9
38 33 7
38 34 5
38 35 26
38 36 2
38 38 27
39 22 22
39 24 21
39 25 20
39 27 19
39 28 17
39 30 14
39 32 11
39 33 9
39 34 7
39 35 5
39 37 2
40 23 23
40 24 22
40 26 20
40 27 21
40 28 19
40 29 17
40 31 14
40 33 11
40 34 9
40 35 7
40 36 5
40 38 2
41 24 23
41 25 22
41 26 21
41 27 20
41 28 25
41 29 19
41 30 17
41 31 24
41 32 14
41 33 26
41 34 11
41 35 9
41 36 7
41 37 5
41 38 28
41 39 2
41 41 29
42 24 24
42 25 23
42 27 22
