1 0 0
2 2 1
3 1 1
4 2 2
5 3 2
5 5 3
6 3 3
6 4 2
7 4 3
7 5 2
7 7 4
8 4 4
8 6 2
9 5 4
9 6 5
9 7 2
9 9 6
10 5 5
10 6 4
10 8 2
11 6 6
11 7 5
11 9 2
12 7 6
12 8 5
12 9 7
12 10 2
12 12 8
13 7 7
13 8 6
13 9 5
13 11 2
14 8 7
14 9 8
14 10 5
14 11 9
14 12 2
14 14 10
15 8 8
15 10 7
15 11 5
15 13 2
16 9 9
16 10 8
16 11 7
16 12 5
16 14 2
17 10 9
17 11 8
17 12 7
17 13 5
17 14 11
17 15 2
17 17 12
18 10 10
18 12 9
18 13 7
18 14 5
18 16 2
19 11 10
19 12 11
19 13 9
19 14 7
19 15 5
19 16 12
19 17 2
19 19 13
20 11 11
20 12 10
20 14 9
20 15 7
20 16 5
20 18 2
21 12 12
21 13 10
21 15 9
21 16 7
21 17 5
21 18 11
21 19 2
22 13 11
22 14 12
22 15 13
22 16 9
22 17 7
22 18 5
22 19 14
22 20 2
22 22 15
23 13 12
23 14 13
23 15 11
23 16 14
23 17 9
23 18 7
23 19 5
23 20 15
23 21 2
23 23 16
24 13 13
24 15 12
24 16 11
24 18 9
24 19 7
24 20 5
24 22 2
25 14 14
25 16 13
25 17 11
25 19 9
25 20 7
25 21 5
25 23 2
26 15 14
26 16 15
26 17 13
26 18 16
26 19 11
26 20 9
26 21 7
26 22 5
26 23 17
26 24 2
26 26 18
27 15 15
27 17 14
27 18 13
27 20 11
27 21 9
27 22 7
27 23 5
27 25 2
28 16 16
28 17 15
28 18 14
28 21 11
28 22 9
28 23 7
28 24 5
28 26 2
29 17 16
29 18 15
29 19 17
29 20 14
29 21 18
29 22 11
29 23 9
29 24 7
29 25 5
29 26 19
29 27 2
29 29 20
30 17 17
30 19 15
30 20 16
30 21 14
30 23 11
30 24 9
30 25 7
30 26 5
30 28 2
31 18 17
31 19 16
31 20 18
31 21 15
31 22 14
31 23 19
31 24 11
31 25 9
31 26 7
31 27 5
31 28 20
31 29 2
31 31 21
32 18 18
32 20 17
32 21 16
32 23 14
32 25 11
32 26 9
32 27 7
32 28 5
32 30 2
33 19 18
33 20 19
33 21 17
33 22 16
33 23 20
33 24 14
33 25 21
33 26 11
33 27 9
33 28 7
33 29 5
33 30 22
33 31 2
33 33 23
34 19 19
34 22 17
34 23 18
34 25 14
34 27 11
34 28 9
34 29 7
34 30 5
34 32 2
35 20 20
35 21 19
35 22 18
35 24 17
35 26 14
35 28 11
35 29 9
35 30 7
35 31 5
35 33 2
36 21 20
36 22 19
36 23 21
36 24 18
36 25 17
36 26 22
36 27 14
36 28 23
36 29 11
36 30 9
36 31 7
36 32 5
36 33 24
36 34 2
36 36 25
37 21 21
37 22 20
37 24 19
37 25 18
37 26 17
37 28 14
37 30 11
37 31 9
37 32 7
37 33 5
37 35 2
38 22 21
38 23 22
38 24 20
38 25 19
38 26 23
38 27 17
38 28 24
38 29 14
38 30 25
38 31 11
38 32 9
38 33 7
38 34 5
38 35 26
38 36 2
38 38 27
39 22 22
39 24 21
39 25 20
39 27 19
39 28 17
39 30 14
39 32 11
39 33 9
39 34 7
39 35 5
39 37 2
40 23 23
40 24 22
40 26 20
40 27 21
40 28 19
40 29 17
40 31 14
40 33 11
40 34 9
40 35 7
40 36 5
40 38 2
41 24 23
41 25 22
41 26 21
41 27 20
41 28 25
41 29 19
41 30 17
41 31 24
41 32 14
41 33 26
41 34 11
41 35 9
41 36 7
41 37 5
41 38 28
41 39 2
41 41 29
42 24 24
42 25 23
42 27 22
42 28 21
42 30 19
42 31 17
42 33 14
42 35 11
42 36 9
42 37 7
42 38 5
42 40 2
43 25 24
43 26 25
43 27 23
43 28 22
43 29 21
43 30 26
43 31 19
43 32 17
43 33 27
43 34 14
43 35 28
43 36 11
43 37 9
43 38 7
43 39 5
43 40 29
43 41 2
43 43 30
44 25 25
44 26 24
44 29 22
44 30 21
44 31 23
44 32 19
44 33 17
44 35 14
44 37 11
44 38 9
44 39 7
44 40 5
44 42 2
45 26 26
45 27 24
45 29 23
45 31 22
45 32 25
45 33 19
45 34 17
45 36 14
45 38 11
45 39 9
45 40 7
45 41 5
45 43 2
46 27 25
46 28 26
46 29 24
46 30 23
46 31 27
46 32 22
46 33 28
46 34 19
46 35 17
46 36 29
46 37 14
46 38 30
46 39 11
46 40 9
46 41 7
46 42 5
46 43 31
46 44 2
46 46 32
47 27 26
47 28 27
47 29 25
47 30 24
47 31 28
47 32 23
47 33 22
47 34 29
47 35 19
47 36 17
47 37 30
47 38 14
47 39 31
47 40 11
47 41 9
47 42 7
47 43 5
47 44 32
47 45 2
47 47 33
48 27 27
48 29 26
48 31 25
48 32 24
48 34 22
48 36 19
48 37 17
48 39 14
48 41 11
48 42 9
48 43 7
48 44 5
48 46 2
49 28 28
49 29 27
49 31 26
49 33 25
49 34 24
49 35 22
49 37 19
49 38 17
49 40 14
49 42 11
49 43 9
49 44 7
49 45 5
49 47 2
50 29 28
50 30 27
50 31 29
50 32 26
50 33 30
50 34 25
50 35 24
50 36 22
50 37 31
50 38 19
50 39 17
50 40 32
50 41 14
50 42 33
50 43 11
50 44 9
50 45 7
50 46 5
50 47 34
50 48 2
50 50 35
51 29 29
51 30 28
51 32 27
51 34 26
51 35 25
51 36 24
51 37 22
51 39 19
51 40 17
51 42 14
51 44 11
51 45 9
51 46 7
51 47 5
51 49 2
52 30 29
52 31 30
52 32 28
52 33 31
52 34 27
52 35 32
52 36 26
52 37 24
52 38 22
52 39 33
52 40 19
52 41 17
52 42 34
52 43 14
52 44 35
52 45 11
52 46 9
52 47 7
52 48 5
52 49 36
52 50 2
52 52 37
53 30 30
53 32 29
53 34 28
53 35 27
53 37 26
53 38 24
53 39 22
53 41 19
53 42 17
53 44 14
53 46 11
53 47 9
53 48 7
53 49 5
53 51 2
54 31 31
54 32 30
54 33 29
54 36 27
54 37 28
54 38 26
54 39 24
54 40 22
54 42 19
54 43 17
54 45 14
54 47 11
54 48 9
54 49 7
54 50 5
54 52 2
55 32 31
55 33 32
55 34 30
55 35 29
55 36 28
55 37 27
55 38 33
55 39 26
55 40 24
55 41 22
55 42 35
55 43 19
55 44 17
55 45 34
55 46 14
55 47 36
55 48 11
55 49 9
55 50 7
55 51 5
55 52 38
55 53 2
55 55 39
56 32 32
56 34 31
56 35 30
56 37 29
56 39 28
56 40 26
56 41 24
56 42 22
56 44 19
56 45 17
56 47 14
56 49 11
56 50 9
56 51 7
56 52 5
56 54 2
57 33 33
57 34 32
57 35 31
57 36 30
57 38 29
57 40 28
57 41 26
57 42 24
57 43 22
57 45 19
57 46 17
57 48 14
57 50 11
57 51 9
57 52 7
57 53 5
57 55 2
58 34 33
58 35 34
58 36 31
58 37 32
58 38 35
58 39 29
58 40 30
58 41 28
58 42 26
58 43 24
58 44 22
58 45 36
58 46 19
58 47 17
58 48 37
58 49 14
58 50 38
58 51 11
58 52 9
58 53 7
58 54 5
58 55 40
58 56 2
58 58 41
59 34 34
59 35 33
59 36 32
59 38 31
59 39 30
59 42 28
59 43 26
59 44 24
59 45 22
59 47 19
59 48 17
59 50 14
59 52 11
59 53 9
59 54 7
59 55 5
59 57 2
60 35 35
60 36 33
60 37 34
60 38 32
60 40 31
60 41 30
60 43 28
60 44 26
60 45 24
60 46 22
60 48 19
60 49 17
60 51 14
60 53 11
60 54 9
60 55 7
60 56 5
60 58 2
61 36 34
61 37 33
61 38 36
61 39 32
61 40 35
61 41 31
61 42 30
61 43 37
61 44 28
61 45 26
61 46 24
61 47 22
61 48 38
61 49 19
61 50 17
61 51 39
61 52 14
61 53 40
61 54 11
61 55 9
61 56 7
61 57 5
61 58 42
61 59 2
61 61 43
62 36 35
62 37 36
62 38 34
62 39 37
62 40 33
62 41 32
62 42 31
62 43 38
62 44 39
62 45 28
62 46 26
62 47 24
62 48 22
62 49 40
62 50 19
62 51 17
62 52 41
62 53 14
62 54 42
62 55 11
62 56 9
62 57 7
62 58 5
62 59 43
62 60 2
62 62 44
63 36 36
63 37 35
63 39 34
63 41 33
63 42 32
63 44 31
63 46 28
63 47 26
63 48 24
63 49 22
63 51 19
63 52 17
63 54 14
63 56 11
63 57 9
63 58 7
63 59 5
63 61 2
64 37 37
64 39 35
64 40 34
64 41 36
64 43 32
64 44 33
64 45 31
64 47 28
64 48 26
64 49 24
64 50 22
64 52 19
64 53 17
64 55 14
64 57 11
64 58 9
64 59 7
64 60 5
64 62 2
65 38 37
65 39 36
65 40 38
65 41 34
65 42 39
65 43 33
65 44 40
65 45 32
65 46 31
65 47 35
65 48 28
65 49 26
65 50 24
65 51 22
65 52 42
65 53 19
65 54 17
65 55 41
65 56 14
65 57 43
65 58 11
65 59 9
65 60 7
65 61 5
65 62 45
65 63 2
65 65 46
66 38 38
66 40 36
66 41 35
66 42 37
66 43 34
66 45 33
66 47 31
66 49 28
66 50 26
66 51 24
66 52 22
66 54 19
66 55 17
66 57 14
66 59 11
66 60 9
66 61 7
66 62 5
66 64 2
67 39 38
67 40 37
67 41 39
67 42 36
67 43 35
67 44 34
67 45 40
67 46 33
67 47 41
67 48 31
67 49 42
67 50 28
67 51 26
67 52 24
67 53 22
67 54 43
67 55 19
67 56 17
67 57 44
67 58 14
67 59 45
67 60 11
67 61 9
67 62 7
67 63 5
67 64 46
67 65 2
67 67 47
68 39 39
68 41 37
68 42 38
68 43 36
68 45 35
68 46 34
68 49 31
68 51 28
68 52 26
68 53 24
68 54 22
68 56 19
68 57 17
68 59 14
68 61 11
68 62 9
68 63 7
68 64 5
68 66 2
69 40 39
69 41 38
69 42 40
69 43 41
69 44 36
69 45 37
69 46 35
69 47 42
69 48 34
69 49 43
69 50 31
69 51 44
69 52 28
69 53 26
69 54 24
69 55 22
69 56 45
69 57 19
69 58 17
69 59 46
69 60 14
69 61 47
69 62 11
69 63 9
69 64 7
69 65 5
69 66 48
69 67 2
69 69 49
70 40 40
70 43 39
70 44 37
70 45 38
70 46 36
70 48 35
70 49 34
70 51 31
70 53 28
70 54 26
70 55 24
70 56 22
70 58 19
70 59 17
70 61 14
70 63 11
70 64 9
70 65 7
70 66 5
70 68 2
71 41 40
71 42 41
71 43 42
71 44 38
71 45 39
71 46 37
71 47 43
71 48 36
71 49 35
71 50 34
71 51 45
71 52 31
71 53 44
71 54 28
71 55 26
71 56 24
71 57 22
71 58 46
71 59 19
71 60 17
71 61 48
71 62 14
71 63 47
71 64 11
71 65 9
71 66 7
71 67 5
71 68 49
71 69 2
71 71 50
72 41 41
72 43 40
72 46 38
72 47 37
72 48 39
72 50 36
72 51 34
72 53 31
72 55 28
72 56 26
72 57 24
72 58 22
72 60 19
72 61 17
72 63 14
72 65 11
72 66 9
72 67 7
72 68 5
72 70 2
73 42 42
73 44 41
73 46 39
73 47 38
73 48 40
73 49 37
73 51 36
73 52 34
73 54 31
73 56 28
73 57 26
73 58 24
73 59 22
73 61 19
73 62 17
73 64 14
73 66 11
73 67 9
73 68 7
73 69 5
73 71 2
74 43 43
74 44 42
74 45 41
74 46 40
74 47 39
74 49 38
74 50 37
74 52 36
74 53 34
74 55 31
74 57 28
74 58 26
74 59 24
74 60 22
74 62 19
74 63 17
74 65 14
74 67 11
74 68 9
74 69 7
74 70 5
74 72 2
75 44 43
75 45 42
75 46 41
75 47 40
75 48 44
75 49 39
75 50 45
75 51 37
75 52 46
75 53 36
75 54 34
75 55 38
75 56 31
75 57 47
75 58 28
75 59 26
75 60 24
75 61 22
75 62 48
75 63 19
75 64 17
75 65 49
75 66 14
75 67 50
75 68 11
75 69 9
75 70 7
75 71 5
75 72 51
75 73 2
75 75 52
76 44 44
76 45 43
76 46 42
76 48 41
76 50 39
76 51 38
76 52 40
76 54 36
76 55 34
76 57 31
76 59 28
76 60 26
76 61 24
76 62 22
76 64 19
76 65 17
76 67 14
76 69 11
76 70 9
76 71 7
76 72 5
76 74 2
77 45 44
77 46 43
77 47 45
77 48 42
77 49 41
77 50 40
77 51 46
77 52 39
77 53 38
77 54 47
77 55 36
77 56 34
77 57 48
77 58 31
77 59 49
77 60 28
77 61 26
77 62 24
77 63 22
77 64 50
77 65 19
77 66 17
77 67 51
77 68 14
77 69 52
77 70 11
77 71 9
77 72 7
77 73 5
77 74 53
77 75 2
77 77 54
78 45 45
78 46 44
78 48 43
78 50 41
78 51 40
78 53 39
78 54 38
78 55 42
78 56 36
78 57 34
78 59 31
78 61 28
78 62 26
78 63 24
78 64 22
78 66 19
78 67 17
78 69 14
78 71 11
78 72 9
78 73 7
78 74 5
78 76 2
79 46 45
79 47 44
79 48 46
79 49 47
79 50 42
79 51 41
79 52 43
79 53 48
79 54 39
79 55 49
79 56 38
79 57 36
79 58 34
79 59 40
79 60 31
79 61 50
79 62 28
79 63 26
79 64 24
79 65 22
79 66 51
79 67 19
79 68 17
79 69 53
79 70 14
79 71 52
79 72 11
79 73 9
79 74 7
79 75 5
79 76 54
79 77 2
79 79 55
80 46 46
80 48 45
80 49 44
80 50 43
80 51 42
80 53 41
80 54 40
80 57 38
80 58 36
80 59 34
80 61 31
80 63 28
80 64 26
80 65 24
80 66 22
80 68 19
80 69 17
80 71 14
80 73 11
80 74 9
80 75 7
80 76 5
80 78 2
81 47 46
81 48 47
81 49 45
81 50 44
81 51 43
81 52 48
81 53 42
81 54 41
81 55 50
81 56 40
81 57 49
81 58 38
81 59 36
81 60 34
81 61 51
81 62 31
81 63 52
81 64 28
81 65 26
81 66 24
81 67 22
81 68 53
81 69 19
81 70 17
81 71 54
81 72 14
81 73 55
81 74 11
81 75 9
81 76 7
81 77 5
81 78 56
81 79 2
81 81 57
82 47 47
82 49 46
82 52 44
82 53 43
82 54 45
82 56 41
82 57 40
82 59 38
82 60 36
82 61 34
82 62 42
82 63 31
82 65 28
82 66 26
82 67 24
82 68 22
82 70 19
82 71 17
82 73 14
82 75 11
82 76 9
82 77 7
82 78 5
82 80 2
83 48 48
83 50 46
83 51 47
83 52 45
83 54 44
83 55 43
83 56 42
83 57 41
83 58 40
83 60 38
83 61 36
83 62 34
83 64 31
83 66 28
83 67 26
83 68 24
83 69 22
83 71 19
83 72 17
83 74 14
83 76 11
83 77 9
83 78 7
83 79 5
83 81 2
84 49 48
84 50 47
84 51 49
84 52 50
84 53 45
84 54 46
84 55 44
84 56 43
84 57 42
84 58 51
84 59 52
84 60 40
84 61 38
84 62 36
84 63 34
84 64 53
84 65 31
84 66 54
84 67 28
84 68 26
84 69 24
84 70 22
84 71 55
84 72 19
84 73 17
84 74 56
84 75 14
84 76 57
84 77 11
84 78 9
84 79 7
84 80 5
84 81 58
84 82 2
84 84 59
85 49 49
85 50 48
85 52 47
85 53 46
85 55 45
85 56 44
85 58 43
85 59 42
85 61 40
85 62 38
85 63 36
85 64 34
85 66 31
85 68 28
85 69 26
85 70 24
85 71 22
85 73 19
85 74 17
85 76 14
85 78 11
85 79 9
85 80 7
85 81 5
85 83 2
86 50 49
86 51 48
86 52 51
86 53 47
86 54 50
86 55 46
86 56 52
86 57 45
86 58 44
86 59 53
86 60 42
86 61 54
86 62 40
86 63 38
86 64 36
86 65 34
86 66 55
86 67 31
86 68 56
86 69 28
86 70 26
86 71 24
86 72 22
86 73 57
86 74 19
86 75 17
86 76 58
86 77 14
86 78 59
86 79 11
86 80 9
86 81 7
86 82 5
86 83 60
86 84 2
86 86 61
87 50 50
87 52 49
87 54 48
87 55 47
87 56 46
87 58 45
87 59 44
87 60 43
87 61 42
87 63 40
87 64 38
87 65 36
87 66 34
87 68 31
87 70 28
87 71 26
87 72 24
87 73 22
87 75 19
87 76 17
87 78 14
87 80 11
87 81 9
87 82 7
87 83 5
87 85 2
88 51 50
88 52 52
88 53 49
88 54 51
88 55 48
88 56 47
88 57 46
88 60 44
88 61 45
88 63 42
88 64 40
88 65 38
88 66 36
88 67 34
88 69 31
88 71 28
88 72 26
88 73 24
88 74 22
88 76 19
88 77 17
88 79 14
88 81 11
88 82 9
88 83 7
88 84 5
88 86 2
89 51 51
89 53 50
89 54 49
89 56 48
89 58 47
89 60 45
89 61 44
89 62 46
89 64 42
89 65 40
89 66 38
89 67 36
89 68 34
89 70 31
89 72 28
89 73 26
89 74 24
89 75 22
89 77 19
89 78 17
89 80 14
89 82 11
89 83 9
89 84 7
89 85 5
89 87 2
90 53 51
90 54 52
90 55 53
90 56 49
90 57 50
90 58 48
90 59 47
90 60 46
90 61 55
90 62 54
90 63 45
90 64 56
90 65 42
90 66 40
90 67 38
90 68 36
90 69 34
90 70 57
90 71 31
90 72 58
90 73 28
90 74 26
90 75 24
90 76 22
90 77 59
90 78 19
90 79 17
90 80 60
90 81 14
90 82 61
90 83 11
90 84 9
90 85 7
90 86 5
90 87 62
90 88 2
90 90 63
91 53 52
91 54 53
91 55 51
91 56 50
91 57 54
91 58 49
91 59 48
91 60 47
91 61 46
91 62 55
91 63 56
91 64 45
91 65 57
91 66 42
91 67 40
91 68 38
91 69 36
91 70 34
91 71 58
91 72 31
91 73 59
91 74 28
91 75 26
91 76 24
91 77 22
91 78 60
91 79 19
91 80 17
91 81 61
91 82 14
91 83 62
91 84 11
91 85 9
91 86 7
91 87 5
91 88 63
91 89 2
91 91 64
92 53 53
92 55 52
92 56 51
92 58 50
92 60 48
92 61 49
92 62 47
92 63 46
92 65 45
92 67 42
92 68 40
92 69 38
92 70 36
92 71 34
92 73 31
92 75 28
92 76 26
92 77 24
92 78 22
92 80 19
92 81 17
92 83 14
92 85 11
92 86 9
92 87 7
92 88 5
92 90 2
93 54 54
93 56 53
93 57 51
93 58 52
93 59 50
93 60 49
93 63 48
93 64 47
93 66 45
93 68 42
93 69 40
93 70 38
93 71 36
93 72 34
93 74 31
93 76 28
93 77 26
93 78 24
93 79 22
93 81 19
93 82 17
93 84 14
93 86 11
93 87 9
93 88 7
93 89 5
93 91 2
94 55 54
94 56 55
94 57 52
94 58 53
94 59 51
94 60 50
94 61 56
94 62 49
94 63 57
94 64 48
94 65 47
94 66 58
94 67 45
94 68 59
94 69 42
94 70 40
94 71 38
94 72 36
94 73 34
94 74 60
94 75 31
94 76 61
94 77 28
94 78 26
94 79 24
94 80 22
94 81 62
94 82 19
94 83 17
94 84 63
94 85 14
94 86 64
94 87 11
94 88 9
94 89 7
94 90 5
94 91 65
94 92 2
94 94 66
95 55 55
95 56 54
95 57 53
95 60 51
95 61 52
95 62 50
95 63 49
95 65 48
95 66 47
95 68 45
95 70 42
95 71 40
95 72 38
95 73 36
95 74 34
95 76 31
95 78 28
95 79 26
95 80 24
95 81 22
95 83 19
95 84 17
95 86 14
95 88 11
95 89 9
95 90 7
95 91 5
95 93 2
96 56 56
96 57 55
96 58 54
96 60 52
96 61 53
96 62 51
96 63 50
96 64 49
96 67 48
96 69 45
96 71 42
96 72 40
96 73 38
96 74 36
96 75 34
96 77 31
96 79 28
96 80 26
96 81 24
96 82 22
96 84 19
96 85 17
96 87 14
96 89 11
96 90 9
96 91 7
96 92 5
96 94 2
97 57 56
97 58 55
97 59 54
97 60 53
97 61 57
97 62 52
97 63 51
97 64 58
97 65 50
97 66 49
97 67 59
97 68 48
97 69 60
97 70 45
97 71 61
97 72 42
97 73 40
97 74 38
97 75 36
97 76 34
97 77 62
97 78 31
97 79 63
97 80 28
97 81 26
97 82 24
97 83 22
97 84 64
97 85 19
97 86 17
97 87 65
97 88 14
97 89 66
97 90 11
97 91 9
97 92 7
97 93 5
97 94 67
97 95 2
97 97 68
98 57 57
98 58 56
98 59 55
98 60 54
98 62 53
98 64 51
98 65 52
98 66 50
98 67 49
98 69 48
98 71 45
98 73 42
98 74 40
98 75 38
98 76 36
98 77 34
98 79 31
98 81 28
98 82 26
98 83 24
98 84 22
98 86 19
98 87 17
98 89 14
98 91 11
98 92 9
98 93 7
98 94 5
98 96 2
99 58 57
99 59 56
99 60 55
99 61 58
99 62 59
99 63 53
99 64 52
99 65 51
99 66 60
99 67 54
99 68 50
99 69 61
99 70 48
99 71 62
99 72 45
99 73 63
99 74 42
99 75 40
99 76 38
99 77 36
99 78 34
99 79 64
99 80 31
99 81 65
99 82 28
99 83 26
99 84 24
99 85 22
99 86 66
99 87 19
99 88 17
99 89 67
99 90 14
99 91 68
99 92 11
99 93 9
99 94 7
99 95 5
99 96 69
99 97 2
99 99 70
100 58 58
100 59 57
100 60 56
100 63 54
100 64 55
100 65 53
100 66 52
100 68 51
100 69 50
100 71 48
100 73 45
100 75 42
100 76 40
100 77 38
100 78 36
100 79 34
100 81 31
100 83 28
100 84 26
100 85 24
100 86 22
100 88 19
100 89 17
100 91 14
100 93 11
100 94 9
100 95 7
100 96 5
100 98 2
