[[1 0 0] 1
[[2 2 1] 1
 [3 1 1] 2
 [4 2 2] 2
 [5 5 3] 2
 [6 3 3] 3
 [7 7 4] 3
 [8 4 4] 4
 [9 9 6] 3
 [10 5 5] 5
 [11 6 6] 5
 [12 12 8] 4
 [13 7 7] 6
 [14 14 10] 4
 [15 8 8] 7
 [16 9 9] 7
 [17 17 12] 5
 [18 10 10] 8
 [19 19 13] 6
 [20 11 11] 9
 [21 12 12] 9
 [22 22 15] 7
 [23 23 16] 7
 [24 13 13] 11
 [25 14 14] 11
 [26 26 18] 8
 [27 15 15] 12
 [28 16 16] 12
 [29 29 20] 9
 [30 17 17] 13
 [31 31 21] 10
 [32 18 18] 14
 [33 33 23] 10
 [34 19 19] 15
 [35 20 20] 15
 [36 36 25] 11
 [37 21 21] 16
 [38 38 27] 11
 [39 22 22] 17
 [40 23 23] 17
 [41 41 29] 12
 [42 24 24] 18
 [43 43 30] 13
 [44 25 25] 19
 [45 26 26] 19
 [46 46 32] 14
 [47 47 33] 14
 [48 27 27] 21
 [49 28 28] 21
 [50 50 35] 15
 [51 29 29] 22
 [52 52 37] 15
 [53 30 30] 23
 [54 31 31] 23
 [55 55 39] 16
 [56 32 32] 24
 [57 33 33] 24
 [58 58 41] 17
 [59 34 34] 25
 [60 35 35] 25
 [61 61 43] 18
 [62 62 44] 18
 [63 36 36] 27
 [64 37 37] 27
 [65 65 46] 19
 [66 38 38] 28
 [67 67 47] 20
 [68 39 39] 29
 [69 69 49] 20
 [70 40 40] 30
 [71 71 50] 21
 [72 41 41] 31
 [73 42 42] 31
 [74 43 43] 31
 [75 75 52] 23
 [76 44 44] 32
