1 0 0
2 2 1
3 1 1
4 2 2
5 5 3
6 3 3
7 7 4
8 4 4
9 9 6
10 5 5
11 6 6
12 12 8
13 7 7
14 14 10
15 8 8
16 9 9
17 17 12
18 10 10
19 19 13
20 11 11
21 12 12
22 22 15
23 23 16
24 13 13
25 14 14
26 26 18
27 15 15
28 16 16
29 29 20
30 17 17
31 31 21
32 18 18
33 33 23
34 19 19
35 20 20
36 36 25
37 21 21
38 38 27
39 22 22
40 23 23
41 41 29
42 24 24
43 43 30
44 25 25
45 26 26
46 46 32
47 47 33
48 27 27
49 28 28
50 50 35
51 29 29
52 52 37
53 30 30
54 31 31
55 55 39
56 32 32
57 33 33
58 58 41
59 34 34
60 35 35
61 61 43
62 62 44
63 36 36
64 37 37
65 65 46
66 38 38
67 67 47
68 39 39
69 69 49
70 40 40
71 71 50
72 41 41
73 42 42
74 43 43
75 75 52
76 44 44
77 77 54
78 45 45
79 79 55
80 46 46
81 81 57
82 47 47
83 48 48
84 84 59
85 49 49
86 86 61
87 50 50
88 52 52
89 51 51
90 90 63
91 91 64
92 53 53
93 54 54
94 94 66
95 55 55
96 56 56
97 97 68
98 57 57
99 99 70
100 58 58
